vikinglotto_threeYears:
[[11, 24, 25, 36, 40, 45, 2], [13, 25, 26, 37, 42, 44, 5], [23, 24, 35, 40, 45, 4, 32], [12, 24, 35, 45, 4, 32, 1], [45, 12, 24, 35, 40, 23, 4], [6, 23, 28, 30, 37, 42, 3], [2, 35, 37, 45, 14, 47, 31], [8, 9, 12, 11, 18, 20, 23]]


eurodreams:
[[16, 15, 19, 28, 34, 37, 5], [15, 18, 20, 31, 32, 38, 3], [9, 16, 19, 28, 32, 37, 1], [4, 16, 28, 20, 35, 38, 40], [15, 32, 28, 19, 16, 37, 1], [6, 8, 17, 24, 31, 37, 2], [1, 2, 3, 4, 5, 18, 21], [3, 13, 24, 31, 33, 40, 3]]


keno:
[[4, 5, 9, 12, 14, 18, 26, 27, 35, 37, 40, 48, 50, 52, 55, 57, 64, 65, 68, 69], [8, 23, 27, 14, 20, 19, 32, 29, 37, 36, 49, 50, 53, 56, 64, 52, 54, 66, 69, 71], [3, 5, 9, 12, 14, 18, 26, 27, 35, 37, 40, 48, 50, 52, 55, 57, 64, 65, 68, 69], [4, 6, 7, 11, 15, 16, 25, 26, 34, 35, 38, 47, 48, 51, 57, 64, 65, 69, 67, 70], [35, 64, 26, 9, 68, 55, 27, 12, 50, 48, 5, 40, 18, 14, 52, 65, 4, 69, 37, 57], [3, 6, 8, 11, 14, 17, 20, 25, 26, 31, 36, 39, 41, 45, 48, 50, 54, 57, 65, 67], [7, 11, 13, 14, 15, 19, 27, 29, 36, 41, 46, 49, 51, 56, 59, 65, 66, 69, 70, 71], [1, 5, 9, 14, 16, 20, 23, 30, 30, 35, 40, 43, 45, 50, 54, 57, 62, 63, 68, 70]]


vikinglotto_currentYear:
[[18, 22, 32, 39, 41, 47, 2], [17, 23, 31, 36, 44, 45, 5], [23, 31, 35, 40, 36, 45, 4], [12, 31, 24, 40, 36, 4, 45], [40, 12, 45, 24, 4, 35, 23], [8, 24, 28, 31, 38, 42, 2], [2, 3, 41, 15, 47, 26, 27], [9, 9, 10, 14, 20, 22, 24]]


eurodreams_currentYear:
[[16, 17, 19, 24, 34, 38, 1], [15, 17, 18, 31, 33, 37, 3], [9, 16, 28, 19, 32, 37, 1], [5, 11, 16, 19, 35, 1, 40], [28, 37, 16, 19, 32, 15, 1], [6, 8, 19, 25, 33, 38, 3], [1, 2, 3, 4, 5, 19, 21], [3, 19, 21, 23, 30, 40, 1]]


keno_currentYear:
[[4, 5, 9, 12, 14, 18, 26, 27, 35, 37, 40, 48, 50, 52, 55, 57, 64, 65, 68, 69], [5, 13, 8, 60, 12, 20, 40, 26, 39, 31, 11, 50, 1, 53, 56, 55, 61, 64, 59, 70], [4, 6, 9, 12, 14, 18, 26, 27, 34, 37, 40, 48, 50, 52, 55, 57, 64, 65, 68, 69], [3, 6, 11, 14, 12, 20, 25, 26, 35, 38, 41, 46, 48, 50, 54, 55, 63, 64, 65, 68], [50, 69, 9, 18, 55, 48, 68, 27, 40, 26, 64, 35, 57, 12, 37, 52, 5, 4, 14, 65], [3, 6, 9, 12, 16, 19, 22, 27, 29, 34, 38, 41, 44, 47, 49, 51, 55, 58, 66, 68], [6, 10, 11, 16, 19, 28, 37, 40, 51, 52, 53, 55, 57, 58, 65, 69, 70, 71, 72, 78], [1, 5, 9, 14, 16, 17, 23, 28, 30, 34, 40, 41, 47, 50, 53, 55, 61, 63, 67, 70]]


pick3_currentYear:
[[4, 9, 2], [6, 1, 7], [3, 8, 1], [6, 1, 7], [1, 8, 3], [4, 3, 4], [0, 1, 6], [1, 5, 9]]


lotto_threeYears:
[[5, 9, 16, 18, 19, 42, 34], [7, 5, 17, 19, 20, 43, 31], [9, 5, 16, 18, 19, 42, 34], [5, 16, 9, 19, 18, 34, 40], [42, 16, 5, 9, 34, 18, 19], [5, 17, 21, 30, 33, 41, 28], [35, 40, 18, 20, 21, 25, 31], [1, 12, 16, 28, 36, 42, 5]]


euromillions_threeYears:
[[17, 22, 23, 24, 44, 6, 11], [18, 43, 41, 44, 17, 5, 7], [10, 22, 23, 24, 44, 6, 11], [17, 23, 22, 44, 49, 11, 2], [11, 44, 17, 22, 6, 24, 23], [7, 16, 30, 38, 47, 4, 9], [34, 2, 12, 13, 21, 24, 25], [1, 11, 29, 38, 50, 2, 9]]


lotto:
[[5, 9, 16, 18, 19, 42, 34], [28, 8, 20, 9, 37, 43, 6], [9, 5, 16, 18, 19, 42, 34], [5, 16, 9, 19, 42, 44, 29], [16, 34, 18, 5, 42, 9, 19], [5, 17, 21, 29, 34, 42, 23], [32, 39, 40, 14, 17, 22, 29], [1, 6, 16, 28, 34, 42, 5]]


euromillions_currentYear:
[[17, 22, 23, 24, 44, 6, 11], [22, 33, 44, 19, 49, 46, 43], [17, 22, 23, 24, 44, 6, 11], [22, 17, 24, 44, 2, 11, 10], [11, 44, 22, 17, 6, 23, 24], [7, 15, 27, 34, 46, 4, 9], [3, 9, 48, 17, 20, 25, 30], [2, 17, 21, 38, 49, 2, 8]]


pick3:
[[4, 9, 2], [3, 8, 9], [3, 8, 1], [4, 3, 8], [1, 8, 3], [4, 3, 4], [0, 2, 3], [1, 5, 9]]


euromillions:
[[17, 22, 23, 24, 44, 6, 11], [34, 7, 4, 32, 46, 11, 3], [17, 22, 23, 24, 44, 6, 11], [22, 23, 30, 36, 24, 44, 2], [11, 17, 6, 44, 23, 24, 22], [5, 14, 25, 35, 46, 4, 9], [4, 36, 39, 7, 13, 23, 27], [1, 20, 19, 38, 50, 2, 11]]


vikinglotto:
[[12, 22, 25, 35, 37, 44, 4], [13, 21, 26, 32, 40, 45, 5], [23, 24, 35, 40, 45, 4, 1], [12, 24, 35, 33, 45, 40, 1], [45, 12, 40, 35, 24, 4, 23], [8, 23, 29, 30, 37, 43, 2], [2, 41, 43, 14, 48, 30, 31], [9, 10, 11, 14, 15, 21, 23]]


eurodreams_threeYears:
[[16, 15, 19, 28, 33, 37, 2], [15, 18, 20, 29, 32, 38, 5], [9, 11, 19, 28, 32, 37, 1], [11, 7, 28, 32, 38, 40, 2], [16, 15, 19, 32, 1, 37, 28], [6, 8, 18, 25, 32, 38, 3], [1, 2, 3, 5, 18, 21, 22], [3, 7, 21, 22, 33, 40, 1]]


keno_threeYears:
[[4, 5, 9, 12, 14, 18, 26, 27, 35, 37, 40, 48, 50, 52, 55, 57, 64, 65, 68, 69], [1, 32, 11, 10, 17, 19, 35, 29, 26, 64, 41, 38, 45, 50, 43, 62, 61, 66, 58, 56], [2, 6, 9, 12, 14, 18, 26, 27, 35, 37, 40, 48, 50, 52, 55, 57, 64, 65, 68, 69], [5, 7, 8, 11, 13, 19, 23, 26, 33, 35, 41, 45, 49, 51, 54, 55, 63, 62, 67, 68], [55, 69, 12, 9, 26, 57, 40, 64, 35, 5, 14, 50, 27, 68, 48, 4, 37, 18, 52, 65], [3, 6, 9, 12, 16, 19, 22, 27, 28, 33, 38, 41, 44, 47, 49, 52, 55, 58, 66, 68], [6, 7, 11, 13, 16, 27, 32, 35, 38, 44, 52, 53, 56, 63, 65, 66, 70, 71, 72, 73], [1, 5, 9, 13, 16, 22, 24, 28, 30, 36, 40, 43, 45, 51, 55, 55, 59, 64, 67, 70]]


lotto_currentYear:
[[5, 9, 16, 18, 19, 44, 34], [4, 8, 17, 19, 20, 41, 38], [9, 5, 16, 18, 19, 42, 34], [4, 5, 18, 19, 37, 34, 13], [5, 18, 42, 16, 34, 9, 19], [5, 17, 21, 30, 35, 42, 24], [33, 41, 11, 14, 19, 24, 25], [1, 12, 16, 24, 36, 42, 4]]


pick3_threeYears:
[[4, 9, 2], [8, 4, 1], [3, 8, 1], [4, 1, 3], [1, 8, 3], [4, 3, 3], [8, 5, 7], [1, 5, 9]]


